0.000000 ; 4000.000000
0.062500 ; 3999.980886
0.125000 ; 3999.924083
0.187500 ; 3999.831152
0.250000 ; 3999.704512
0.312500 ; 3999.547198
0.375000 ; 3999.362606
0.437500 ; 3999.154249
0.500000 ; 3998.925551
0.562500 ; 3998.679708
0.625000 ; 3998.419598
0.687500 ; 3998.147746
0.750000 ; 3997.866312
0.812500 ; 3997.577119
0.875000 ; 3997.281676
0.937500 ; 3996.981224
1.000000 ; 3996.676775
1.062500 ; 3996.369142
1.125000 ; 3996.058982
1.187500 ; 3995.746819
1.250000 ; 3995.433072
1.312500 ; 3995.118071
1.375000 ; 3994.802081
1.437500 ; 3994.485311
1.500000 ; 3994.167925
1.562500 ; 3993.850055
1.625000 ; 3993.531801
1.687500 ; 3993.213247
1.750000 ; 3992.894456
1.812500 ; 3992.575478
1.875000 ; 3992.256354
1.937500 ; 3991.937113
2.000000 ; 3991.617781
2.062500 ; 3991.298378
2.125000 ; 3990.978919
2.187500 ; 3990.659415
2.250000 ; 3990.339876
2.312500 ; 3990.020310
2.375000 ; 3989.700722
2.437500 ; 3989.381117
2.500000 ; 3989.061498
2.562500 ; 3988.741869
2.625000 ; 3988.422232
2.687500 ; 3988.102588
2.750000 ; 3987.782940
2.812500 ; 3987.463287
2.875000 ; 3987.143631
2.937500 ; 3986.823972
3.000000 ; 3986.504311
3.062500 ; 3986.184649
3.125000 ; 3985.864986
3.187500 ; 3985.545322
3.250000 ; 3985.225657
3.312500 ; 3984.905991
3.375000 ; 3984.586325
3.437500 ; 3984.266659
3.500000 ; 3983.946992
3.562500 ; 3983.627325
3.625000 ; 3983.307658
3.687500 ; 3982.987991
3.750000 ; 3982.668323
3.812500 ; 3982.348656
3.875000 ; 3982.028988
3.937500 ; 3981.709321
4.000000 ; 3981.389653
4.062500 ; 3981.069985
4.125000 ; 3980.750318
4.187500 ; 3980.430650
4.250000 ; 3980.110982
4.312500 ; 3979.791314
4.375000 ; 3979.471647
4.437500 ; 3979.151979
4.500000 ; 3978.832311
4.562500 ; 3978.512643
4.625000 ; 3978.192976
4.687500 ; 3977.873308
4.750000 ; 3977.553640
4.812500 ; 3977.233972
4.875000 ; 3976.914304
4.937500 ; 3976.594637
5.000000 ; 3976.274969
5.062500 ; 3975.955301
5.125000 ; 3975.635633
5.187500 ; 3975.315965
5.250000 ; 3974.996298
5.312500 ; 3974.676630
5.375000 ; 3974.356962
5.437500 ; 3974.037294
5.500000 ; 3973.717626
5.562500 ; 3973.397959
5.625000 ; 3973.078291
5.687500 ; 3972.758623
5.750000 ; 3972.438955
5.812500 ; 3972.119287
5.875000 ; 3971.799620
5.937500 ; 3971.479952
6.000000 ; 3971.160284
6.062500 ; 3970.840616
6.125000 ; 3970.520948
6.187500 ; 3970.201281
6.250000 ; 3969.881613
6.312500 ; 3969.561945
6.375000 ; 3969.242277
6.437500 ; 3968.922609
6.500000 ; 3968.602942
6.562500 ; 3968.283274
6.625000 ; 3967.963606
6.687500 ; 3967.643938
6.750000 ; 3967.324270
6.812500 ; 3967.004603
6.875000 ; 3966.684935
6.937500 ; 3966.365267
7.000000 ; 3966.045599
7.062500 ; 3965.725931
7.125000 ; 3965.406264
7.187500 ; 3965.086596
7.250000 ; 3964.766928
7.312500 ; 3964.447260
7.375000 ; 3964.127593
7.437500 ; 3963.807925
7.500000 ; 3963.488257
7.562500 ; 3963.168589
7.625000 ; 3962.848921
7.687500 ; 3962.529254
7.750000 ; 3962.209586
7.812500 ; 3961.889918
7.875000 ; 3961.570250
7.937500 ; 3961.250582
8.000000 ; 3960.930915
8.062500 ; 3960.611247
8.125000 ; 3960.291579
8.187500 ; 3959.971911
8.250000 ; 3959.652243
8.312500 ; 3959.332576
8.375000 ; 3959.012908
8.437500 ; 3958.693240
8.500000 ; 3958.373572
8.562500 ; 3958.053904
8.625000 ; 3957.734237
8.687500 ; 3957.414569
8.750000 ; 3957.094901
8.812500 ; 3956.775233
8.875000 ; 3956.455565
8.937500 ; 3956.135898
9.000000 ; 3955.816230
9.062500 ; 3955.496562
9.125000 ; 3955.176894
9.187500 ; 3954.857226
9.250000 ; 3954.537559
9.312500 ; 3954.217891
9.375000 ; 3953.898223
9.437500 ; 3953.578555
9.500000 ; 3953.258887
9.562500 ; 3952.939220
9.625000 ; 3952.619552
9.687500 ; 3952.299884
9.750000 ; 3951.980216
9.812500 ; 3951.660548
9.875000 ; 3951.340881
9.937500 ; 3951.021213
10.000000 ; 3950.701545
10.062500 ; 3950.381877
10.125000 ; 3950.062209
10.187500 ; 3949.742542
10.250000 ; 3949.422874
10.312500 ; 3949.103206
10.375000 ; 3948.783538
10.437500 ; 3948.463870
10.500000 ; 3948.144203
10.562500 ; 3947.824535
10.625000 ; 3947.504867
10.687500 ; 3947.185199
10.750000 ; 3946.865532
10.812500 ; 3946.545864
10.875000 ; 3946.226196
10.937500 ; 3945.906528
11.000000 ; 3945.586860
11.062500 ; 3945.267193
11.125000 ; 3944.947525
11.187500 ; 3944.627857
11.250000 ; 3944.308189
11.312500 ; 3943.988521
11.375000 ; 3943.668854
11.437500 ; 3943.349186
11.500000 ; 3943.029518
11.562500 ; 3942.709850
11.625000 ; 3942.390182
11.687500 ; 3942.070515
11.750000 ; 3941.750847
11.812500 ; 3941.431179
11.875000 ; 3941.111511
11.937500 ; 3940.791843
12.000000 ; 3940.472176
12.062500 ; 3940.152508
12.125000 ; 3939.832840
12.187500 ; 3939.513172
12.250000 ; 3939.193504
12.312500 ; 3938.873837
12.375000 ; 3938.554169
12.437500 ; 3938.234501
12.500000 ; 3937.914833
12.562500 ; 3937.595165
12.625000 ; 3937.275498
12.687500 ; 3936.955830
12.750000 ; 3936.636162
12.812500 ; 3936.316494
12.875000 ; 3935.996826
12.937500 ; 3935.677159
13.000000 ; 3935.357491
13.062500 ; 3935.037823
13.125000 ; 3934.718155
13.187500 ; 3934.398487
13.250000 ; 3934.078820
13.312500 ; 3933.759152
13.375000 ; 3933.439484
13.437500 ; 3933.119816
13.500000 ; 3932.800148
13.562500 ; 3932.480481
13.625000 ; 3932.160813
13.687500 ; 3931.841145
13.750000 ; 3931.521477
13.812500 ; 3931.201809
13.875000 ; 3930.882142
13.937500 ; 3930.562474
14.000000 ; 3930.242806
14.062500 ; 3929.923138
14.125000 ; 3929.603471
14.187500 ; 3929.283803
14.250000 ; 3928.964135
14.312500 ; 3928.644467
14.375000 ; 3928.324799
14.437500 ; 3928.005132
14.500000 ; 3927.685464
14.562500 ; 3927.365796
14.625000 ; 3927.046128
14.687500 ; 3926.726460
14.750000 ; 3926.406793
14.812500 ; 3926.087125
14.875000 ; 3925.767457
14.937500 ; 3925.447789
15.000000 ; 3925.128121
15.062500 ; 3924.808454
15.125000 ; 3924.488786
15.187500 ; 3924.169118
15.250000 ; 3923.849450
15.312500 ; 3923.529782
15.375000 ; 3923.210115
15.437500 ; 3922.890447
15.500000 ; 3922.570779
15.562500 ; 3922.251111
15.625000 ; 3921.931443
15.687500 ; 3921.611776
15.750000 ; 3921.292108
15.812500 ; 3920.972440
15.875000 ; 3920.652772
15.937500 ; 3920.333104
16.000000 ; 3920.013437
16.062500 ; 3919.693769
16.125000 ; 3919.374101
16.187500 ; 3919.054433
16.250000 ; 3918.734765
16.312500 ; 3918.415098
16.375000 ; 3918.095430
16.437500 ; 3917.775762
16.500000 ; 3917.456094
16.562500 ; 3917.136426
16.625000 ; 3916.816759
16.687500 ; 3916.497091
16.750000 ; 3916.177423
16.812500 ; 3915.857755
16.875000 ; 3915.538087
16.937500 ; 3915.218420
17.000000 ; 3914.898752
17.062500 ; 3914.579084
17.125000 ; 3914.259416
17.187500 ; 3913.939748
17.250000 ; 3913.620081
17.312500 ; 3913.300413
17.375000 ; 3912.980745
17.437500 ; 3912.661077
17.500000 ; 3912.341410
17.562500 ; 3912.021742
17.625000 ; 3911.702074
17.687500 ; 3911.382406
17.750000 ; 3911.062738
17.812500 ; 3910.743071
17.875000 ; 3910.423403
17.937500 ; 3910.103735
18.000000 ; 3909.784067
18.062500 ; 3909.464399
18.125000 ; 3909.144732
18.187500 ; 3908.825064
18.250000 ; 3908.505396
18.312500 ; 3908.185728
18.375000 ; 3907.866060
18.437500 ; 3907.546393
18.500000 ; 3907.226725
18.562500 ; 3906.907057
18.625000 ; 3906.587389
18.687500 ; 3906.267721
18.750000 ; 3905.948054
18.812500 ; 3905.628386
18.875000 ; 3905.308718
18.937500 ; 3904.989050
19.000000 ; 3904.669382
19.062500 ; 3904.349715
19.125000 ; 3904.030047
19.187500 ; 3903.710379
19.250000 ; 3903.390711
19.312500 ; 3903.071043
19.375000 ; 3902.751376
19.437500 ; 3902.431708
19.500000 ; 3902.112040
19.562500 ; 3901.792372
19.625000 ; 3901.472704
19.687500 ; 3901.153037
19.750000 ; 3900.833369
19.812500 ; 3900.513701
19.875000 ; 3900.194033
19.937500 ; 3899.874365
20.000000 ; 3899.554698
20.062500 ; 3899.235030
20.125000 ; 3898.915362
20.187500 ; 3898.595694
20.250000 ; 3898.276026
20.312500 ; 3897.956359
20.375000 ; 3897.636691
20.437500 ; 3897.317023
20.500000 ; 3896.997355
20.562500 ; 3896.677687
20.625000 ; 3896.358020
20.687500 ; 3896.038352
20.750000 ; 3895.718684
20.812500 ; 3895.399016
20.875000 ; 3895.079349
20.937500 ; 3894.759681
21.000000 ; 3894.440013
21.062500 ; 3894.120345
21.125000 ; 3893.800677
21.187500 ; 3893.481010
21.250000 ; 3893.161342
21.312500 ; 3892.841674
21.375000 ; 3892.522006
21.437500 ; 3892.202338
21.500000 ; 3891.882671
21.562500 ; 3891.563003
21.625000 ; 3891.243335
21.687500 ; 3890.923667
21.750000 ; 3890.603999
21.812500 ; 3890.284332
21.875000 ; 3889.964664
21.937500 ; 3889.644996
22.000000 ; 3889.325328
22.062500 ; 3889.005660
22.125000 ; 3888.685993
22.187500 ; 3888.366325
22.250000 ; 3888.046657
22.312500 ; 3887.726989
22.375000 ; 3887.407321
22.437500 ; 3887.087654
22.500000 ; 3886.767986
22.562500 ; 3886.448318
22.625000 ; 3886.128650
22.687500 ; 3885.808982
22.750000 ; 3885.489315
22.812500 ; 3885.169647
22.875000 ; 3884.849979
22.937500 ; 3884.530311
23.000000 ; 3884.210643
23.062500 ; 3883.890976
23.125000 ; 3883.571308
23.187500 ; 3883.251640
23.250000 ; 3882.931972
23.312500 ; 3882.612304
23.375000 ; 3882.292637
23.437500 ; 3881.972969
23.500000 ; 3881.653301
23.562500 ; 3881.333633
23.625000 ; 3881.013965
23.687500 ; 3880.694298
23.750000 ; 3880.374630
23.812500 ; 3880.054962
23.875000 ; 3879.735294
23.937500 ; 3879.415626
24.000000 ; 3879.095959
24.062500 ; 3878.776291
24.125000 ; 3878.456623
24.187500 ; 3878.136955
24.250000 ; 3877.817288
24.312500 ; 3877.497620
24.375000 ; 3877.177952
24.437500 ; 3876.858284
24.500000 ; 3876.538616
24.562500 ; 3876.218949
24.625000 ; 3875.899281
24.687500 ; 3875.579613
24.750000 ; 3875.259945
24.812500 ; 3874.940277
24.875000 ; 3874.620610
24.937500 ; 3874.300942
