0.000000 ; 0.000000
0.062500 ; 0.610922
0.125000 ; 1.204506
0.187500 ; 1.765313
0.250000 ; 2.281344
0.312500 ; 2.744813
0.375000 ; 3.152160
0.437500 ; 3.503468
0.500000 ; 3.801570
0.562500 ; 4.051087
0.625000 ; 4.257572
0.687500 ; 4.426853
0.750000 ; 4.564574
0.812500 ; 4.675929
0.875000 ; 4.765516
0.937500 ; 4.837303
1.000000 ; 4.894642
1.062500 ; 4.940325
1.125000 ; 4.976648
1.187500 ; 5.005481
1.250000 ; 5.028341
1.312500 ; 5.046446
1.375000 ; 5.060773
1.437500 ; 5.072104
1.500000 ; 5.081061
1.562500 ; 5.088139
1.625000 ; 5.093730
1.687500 ; 5.098145
1.750000 ; 5.101631
1.812500 ; 5.104383
1.875000 ; 5.106555
1.937500 ; 5.108269
2.000000 ; 5.109622
2.062500 ; 5.110690
2.125000 ; 5.111533
2.187500 ; 5.112198
2.250000 ; 5.112722
2.312500 ; 5.113136
2.375000 ; 5.113463
2.437500 ; 5.113721
2.500000 ; 5.113924
2.562500 ; 5.114085
2.625000 ; 5.114211
2.687500 ; 5.114311
2.750000 ; 5.114390
2.812500 ; 5.114452
2.875000 ; 5.114501
2.937500 ; 5.114540
3.000000 ; 5.114571
3.062500 ; 5.114595
3.125000 ; 5.114614
3.187500 ; 5.114629
3.250000 ; 5.114640
3.312500 ; 5.114650
3.375000 ; 5.114657
3.437500 ; 5.114663
3.500000 ; 5.114668
3.562500 ; 5.114671
3.625000 ; 5.114674
3.687500 ; 5.114676
3.750000 ; 5.114678
3.812500 ; 5.114679
3.875000 ; 5.114681
3.937500 ; 5.114681
4.000000 ; 5.114682
4.062500 ; 5.114683
4.125000 ; 5.114683
4.187500 ; 5.114683
4.250000 ; 5.114684
4.312500 ; 5.114684
4.375000 ; 5.114684
4.437500 ; 5.114684
4.500000 ; 5.114684
4.562500 ; 5.114684
4.625000 ; 5.114685
4.687500 ; 5.114685
4.750000 ; 5.114685
4.812500 ; 5.114685
4.875000 ; 5.114685
4.937500 ; 5.114685
5.000000 ; 5.114685
5.062500 ; 5.114685
5.125000 ; 5.114685
5.187500 ; 5.114685
5.250000 ; 5.114685
5.312500 ; 5.114685
5.375000 ; 5.114685
5.437500 ; 5.114685
5.500000 ; 5.114685
5.562500 ; 5.114685
5.625000 ; 5.114685
5.687500 ; 5.114685
5.750000 ; 5.114685
5.812500 ; 5.114685
5.875000 ; 5.114685
5.937500 ; 5.114685
6.000000 ; 5.114685
6.062500 ; 5.114685
6.125000 ; 5.114685
6.187500 ; 5.114685
6.250000 ; 5.114685
6.312500 ; 5.114685
6.375000 ; 5.114685
6.437500 ; 5.114685
6.500000 ; 5.114685
6.562500 ; 5.114685
6.625000 ; 5.114685
6.687500 ; 5.114685
6.750000 ; 5.114685
6.812500 ; 5.114685
6.875000 ; 5.114685
6.937500 ; 5.114685
7.000000 ; 5.114685
7.062500 ; 5.114685
7.125000 ; 5.114685
7.187500 ; 5.114685
7.250000 ; 5.114685
7.312500 ; 5.114685
7.375000 ; 5.114685
7.437500 ; 5.114685
7.500000 ; 5.114685
7.562500 ; 5.114685
7.625000 ; 5.114685
7.687500 ; 5.114685
7.750000 ; 5.114685
7.812500 ; 5.114685
7.875000 ; 5.114685
7.937500 ; 5.114685
8.000000 ; 5.114685
8.062500 ; 5.114685
8.125000 ; 5.114685
8.187500 ; 5.114685
8.250000 ; 5.114685
8.312500 ; 5.114685
8.375000 ; 5.114685
8.437500 ; 5.114685
8.500000 ; 5.114685
8.562500 ; 5.114685
8.625000 ; 5.114685
8.687500 ; 5.114685
8.750000 ; 5.114685
8.812500 ; 5.114685
8.875000 ; 5.114685
8.937500 ; 5.114685
9.000000 ; 5.114685
9.062500 ; 5.114685
9.125000 ; 5.114685
9.187500 ; 5.114685
9.250000 ; 5.114685
9.312500 ; 5.114685
9.375000 ; 5.114685
9.437500 ; 5.114685
9.500000 ; 5.114685
9.562500 ; 5.114685
9.625000 ; 5.114685
9.687500 ; 5.114685
9.750000 ; 5.114685
9.812500 ; 5.114685
9.875000 ; 5.114685
9.937500 ; 5.114685
10.000000 ; 5.114685
10.062500 ; 5.114685
10.125000 ; 5.114685
10.187500 ; 5.114685
10.250000 ; 5.114685
10.312500 ; 5.114685
10.375000 ; 5.114685
10.437500 ; 5.114685
10.500000 ; 5.114685
10.562500 ; 5.114685
10.625000 ; 5.114685
10.687500 ; 5.114685
10.750000 ; 5.114685
10.812500 ; 5.114685
10.875000 ; 5.114685
10.937500 ; 5.114685
11.000000 ; 5.114685
11.062500 ; 5.114685
11.125000 ; 5.114685
11.187500 ; 5.114685
11.250000 ; 5.114685
11.312500 ; 5.114685
11.375000 ; 5.114685
11.437500 ; 5.114685
11.500000 ; 5.114685
11.562500 ; 5.114685
11.625000 ; 5.114685
11.687500 ; 5.114685
11.750000 ; 5.114685
11.812500 ; 5.114685
11.875000 ; 5.114685
11.937500 ; 5.114685
12.000000 ; 5.114685
12.062500 ; 5.114685
12.125000 ; 5.114685
12.187500 ; 5.114685
12.250000 ; 5.114685
12.312500 ; 5.114685
12.375000 ; 5.114685
12.437500 ; 5.114685
12.500000 ; 5.114685
12.562500 ; 5.114685
12.625000 ; 5.114685
12.687500 ; 5.114685
12.750000 ; 5.114685
12.812500 ; 5.114685
12.875000 ; 5.114685
12.937500 ; 5.114685
13.000000 ; 5.114685
13.062500 ; 5.114685
13.125000 ; 5.114685
13.187500 ; 5.114685
13.250000 ; 5.114685
13.312500 ; 5.114685
13.375000 ; 5.114685
13.437500 ; 5.114685
13.500000 ; 5.114685
13.562500 ; 5.114685
13.625000 ; 5.114685
13.687500 ; 5.114685
13.750000 ; 5.114685
13.812500 ; 5.114685
13.875000 ; 5.114685
13.937500 ; 5.114685
14.000000 ; 5.114685
14.062500 ; 5.114685
14.125000 ; 5.114685
14.187500 ; 5.114685
14.250000 ; 5.114685
14.312500 ; 5.114685
14.375000 ; 5.114685
14.437500 ; 5.114685
14.500000 ; 5.114685
14.562500 ; 5.114685
14.625000 ; 5.114685
14.687500 ; 5.114685
14.750000 ; 5.114685
14.812500 ; 5.114685
14.875000 ; 5.114685
14.937500 ; 5.114685
15.000000 ; 5.114685
15.062500 ; 5.114685
15.125000 ; 5.114685
15.187500 ; 5.114685
15.250000 ; 5.114685
15.312500 ; 5.114685
15.375000 ; 5.114685
15.437500 ; 5.114685
15.500000 ; 5.114685
15.562500 ; 5.114685
15.625000 ; 5.114685
15.687500 ; 5.114685
15.750000 ; 5.114685
15.812500 ; 5.114685
15.875000 ; 5.114685
15.937500 ; 5.114685
16.000000 ; 5.114685
16.062500 ; 5.114685
16.125000 ; 5.114685
16.187500 ; 5.114685
16.250000 ; 5.114685
16.312500 ; 5.114685
16.375000 ; 5.114685
16.437500 ; 5.114685
16.500000 ; 5.114685
16.562500 ; 5.114685
16.625000 ; 5.114685
16.687500 ; 5.114685
16.750000 ; 5.114685
16.812500 ; 5.114685
16.875000 ; 5.114685
16.937500 ; 5.114685
17.000000 ; 5.114685
17.062500 ; 5.114685
17.125000 ; 5.114685
17.187500 ; 5.114685
17.250000 ; 5.114685
17.312500 ; 5.114685
17.375000 ; 5.114685
17.437500 ; 5.114685
17.500000 ; 5.114685
17.562500 ; 5.114685
17.625000 ; 5.114685
17.687500 ; 5.114685
17.750000 ; 5.114685
17.812500 ; 5.114685
17.875000 ; 5.114685
17.937500 ; 5.114685
18.000000 ; 5.114685
18.062500 ; 5.114685
18.125000 ; 5.114685
18.187500 ; 5.114685
18.250000 ; 5.114685
18.312500 ; 5.114685
18.375000 ; 5.114685
18.437500 ; 5.114685
18.500000 ; 5.114685
18.562500 ; 5.114685
18.625000 ; 5.114685
18.687500 ; 5.114685
18.750000 ; 5.114685
18.812500 ; 5.114685
18.875000 ; 5.114685
18.937500 ; 5.114685
19.000000 ; 5.114685
19.062500 ; 5.114685
19.125000 ; 5.114685
19.187500 ; 5.114685
19.250000 ; 5.114685
19.312500 ; 5.114685
19.375000 ; 5.114685
19.437500 ; 5.114685
19.500000 ; 5.114685
19.562500 ; 5.114685
19.625000 ; 5.114685
19.687500 ; 5.114685
19.750000 ; 5.114685
19.812500 ; 5.114685
19.875000 ; 5.114685
19.937500 ; 5.114685
20.000000 ; 5.114685
20.062500 ; 5.114685
20.125000 ; 5.114685
20.187500 ; 5.114685
20.250000 ; 5.114685
20.312500 ; 5.114685
20.375000 ; 5.114685
20.437500 ; 5.114685
20.500000 ; 5.114685
20.562500 ; 5.114685
20.625000 ; 5.114685
20.687500 ; 5.114685
20.750000 ; 5.114685
20.812500 ; 5.114685
20.875000 ; 5.114685
20.937500 ; 5.114685
21.000000 ; 5.114685
21.062500 ; 5.114685
21.125000 ; 5.114685
21.187500 ; 5.114685
21.250000 ; 5.114685
21.312500 ; 5.114685
21.375000 ; 5.114685
21.437500 ; 5.114685
21.500000 ; 5.114685
21.562500 ; 5.114685
21.625000 ; 5.114685
21.687500 ; 5.114685
21.750000 ; 5.114685
21.812500 ; 5.114685
21.875000 ; 5.114685
21.937500 ; 5.114685
22.000000 ; 5.114685
22.062500 ; 5.114685
22.125000 ; 5.114685
22.187500 ; 5.114685
22.250000 ; 5.114685
22.312500 ; 5.114685
22.375000 ; 5.114685
22.437500 ; 5.114685
22.500000 ; 5.114685
22.562500 ; 5.114685
22.625000 ; 5.114685
22.687500 ; 5.114685
22.750000 ; 5.114685
22.812500 ; 5.114685
22.875000 ; 5.114685
22.937500 ; 5.114685
23.000000 ; 5.114685
23.062500 ; 5.114685
23.125000 ; 5.114685
23.187500 ; 5.114685
23.250000 ; 5.114685
23.312500 ; 5.114685
23.375000 ; 5.114685
23.437500 ; 5.114685
23.500000 ; 5.114685
23.562500 ; 5.114685
23.625000 ; 5.114685
23.687500 ; 5.114685
23.750000 ; 5.114685
23.812500 ; 5.114685
23.875000 ; 5.114685
23.937500 ; 5.114685
24.000000 ; 5.114685
24.062500 ; 5.114685
24.125000 ; 5.114685
24.187500 ; 5.114685
24.250000 ; 5.114685
24.312500 ; 5.114685
24.375000 ; 5.114685
24.437500 ; 5.114685
24.500000 ; 5.114685
24.562500 ; 5.114685
24.625000 ; 5.114685
24.687500 ; 5.114685
24.750000 ; 5.114685
24.812500 ; 5.114685
24.875000 ; 5.114685
24.937500 ; 5.114685
